------------------------
------------------------
--- INITIAL SOLUTION ---
[
  [ 1, 2, 5, 3, 4 ],
  [ 10, 7, 6, 8, 9 ],
  [ 13, 11, 12, 14, 15 ],
  [ 18, 17, 16, 20, 19 ]
]
---- FINAL SOLUTION ----
iterations:  1000
solution:  [
  [ 3, 10, 1, 18, 17 ],
  [ 6, 5, 7, 8, 20 ],
  [ 13, 11, 12, 15, 4 ],
  [ 9, 16, 14, 2, 19 ]
]
cost:  2638
------------------------
------------------------
--- INITIAL SOLUTION ---
[
  [ 1, 5, 2, 3, 4 ],
  [ 7, 6, 10, 8, 9 ],
  [ 12, 13, 14, 11, 15 ],
  [ 20, 19, 17, 18, 16 ]
]
---- FINAL SOLUTION ----
iterations:  1000
solution:  [
  [ 13, 6, 10, 3, 9 ],
  [ 7, 1, 5, 18, 17 ],
  [ 12, 8, 11, 14, 16 ],
  [ 20, 15, 19, 2, 4 ]
]
cost:  2656
------------------------
------------------------
--- INITIAL SOLUTION ---
[
  [ 1, 4, 5, 2, 3 ],
  [ 8, 10, 9, 7, 6 ],
  [ 13, 14, 12, 15, 11 ],
  [ 17, 18, 19, 16, 20 ]
]
---- FINAL SOLUTION ----
iterations:  1000
solution:  [
  [ 3, 18, 10, 1, 17 ],
  [ 9, 14, 12, 7, 5 ],
  [ 19, 2, 15, 20, 6 ],
  [ 16, 4, 11, 8, 13 ]
]
cost:  2620
------------------------
------------------------
--- INITIAL SOLUTION ---
[
  [ 5, 1, 3, 4, 2 ],
  [ 10, 6, 8, 9, 7 ],
  [ 12, 15, 14, 13, 11 ],
  [ 17, 20, 16, 18, 19 ]
]
---- FINAL SOLUTION ----
iterations:  1000
solution:  [
  [ 13, 6, 1, 3, 9 ],
  [ 5, 7, 12, 10, 16 ],
  [ 8, 20, 2, 14, 11 ],
  [ 17, 15, 19, 18, 4 ]
]
cost:  2680
------------------------
------------------------
--- INITIAL SOLUTION ---
[
  [ 4, 5, 1, 2, 3 ],
  [ 10, 9, 7, 8, 6 ],
  [ 12, 14, 15, 13, 11 ],
  [ 19, 17, 18, 20, 16 ]
]
---- FINAL SOLUTION ----
iterations:  1000
solution:  [
  [ 17, 18, 10, 1, 3 ],
  [ 16, 11, 8, 5, 6 ],
  [ 14, 2, 12, 7, 9 ],
  [ 19, 4, 15, 20, 13 ]
]
cost:  2658
------------------------
------------------------
--- INITIAL SOLUTION ---
[
  [ 5, 4, 2, 1, 3 ],
  [ 9, 8, 6, 7, 10 ],
  [ 12, 14, 11, 15, 13 ],
  [ 20, 17, 19, 16, 18 ]
]
---- FINAL SOLUTION ----
iterations:  1000
solution:  [
  [ 6, 17, 7, 1, 3 ],
  [ 5, 8, 12, 11, 10 ],
  [ 13, 20, 15, 2, 14 ],
  [ 9, 4, 19, 16, 18 ]
]
cost:  2712
------------------------
------------------------
--- INITIAL SOLUTION ---
[
  [ 4, 2, 5, 1, 3 ],
  [ 10, 6, 8, 9, 7 ],
  [ 12, 14, 11, 13, 15 ],
  [ 17, 19, 18, 16, 20 ]
]
---- FINAL SOLUTION ----
iterations:  1000
solution:  [
  [ 10, 14, 12, 1, 3 ],
  [ 18, 15, 8, 7, 6 ],
  [ 5, 2, 11, 20, 13 ],
  [ 17, 19, 4, 16, 9 ]
]
cost:  2706
------------------------
------------------------
--- INITIAL SOLUTION ---
[
  [ 5, 2, 3, 1, 4 ],
  [ 6, 8, 9, 10, 7 ],
  [ 12, 11, 15, 14, 13 ],
  [ 18, 16, 17, 20, 19 ]
]
---- FINAL SOLUTION ----
iterations:  1000
solution:  [
  [ 6, 1, 7, 5, 17 ],
  [ 13, 8, 20, 15, 19 ],
  [ 16, 11, 12, 2, 4 ],
  [ 9, 3, 10, 14, 18 ]
]
cost:  2570
------------------------
------------------------
--- INITIAL SOLUTION ---
[
  [ 1, 5, 2, 3, 4 ],
  [ 10, 7, 6, 9, 8 ],
  [ 14, 15, 13, 12, 11 ],
  [ 20, 17, 19, 16, 18 ]
]
---- FINAL SOLUTION ----
iterations:  1000
solution:  [
  [ 6, 13, 5, 8, 17 ],
  [ 3, 1, 7, 20, 4 ],
  [ 10, 12, 2, 15, 11 ],
  [ 9, 14, 18, 19, 16 ]
]
cost:  2648
------------------------
------------------------
--- INITIAL SOLUTION ---
[
  [ 3, 5, 2, 4, 1 ],
  [ 7, 10, 9, 8, 6 ],
  [ 13, 11, 12, 15, 14 ],
  [ 16, 19, 17, 18, 20 ]
]
---- FINAL SOLUTION ----
iterations:  1000
solution:  [
  [ 17, 4, 19, 18, 13 ],
  [ 5, 7, 20, 2, 6 ],
  [ 1, 8, 12, 15, 3 ],
  [ 16, 11, 10, 14, 9 ]
]
cost:  2682
